========================================================
                 STATISTICAL SUMMARY                    
========================================================

--- Descriptive Statistics ---
                      price  freight_value  review_score  delivery_days  approx_profit_margin
Mean               120.6537        19.9903        4.0331        12.0077                0.6791
Median              74.9900        16.2600        5.0000        10.0000                0.7686
Mode                59.9000        15.1000        5.0000         7.0000                0.7050
Variance         33721.4195       249.8425        1.9213        89.3300                0.1224
Std Deviation      183.6339        15.8064        1.3861         9.4515                0.3499
Q1 (25th)           39.9000        13.0800        4.0000         6.0000                0.6070
Q2 (50th)           74.9900        16.2600        5.0000        10.0000                0.7686
Q3 (75th)          134.9000        21.1500        5.0000        15.0000                0.8660
IQR                 95.0000         8.0700        1.0000         9.0000                0.2590
90th Percentile    229.8000        34.0410        5.0000        22.0000                0.9213
95th Percentile    349.9000        45.1200        5.0000        29.0000                0.9465


--- Correlation Matrix (All Numeric Columns) ---
                            order_item_id   price  freight_value  customer_zip_code_prefix  product_name_lenght  product_description_lenght  product_photos_qty  product_weight_g  product_length_cm  product_height_cm  product_width_cm  seller_zip_code_prefix  total_payment_value  review_score    year   month  delivery_days  delivery_delay  revenue  approx_cost  approx_profit  approx_profit_margin  order_month  order_quarter  order_year
order_item_id                      1.0000 -0.0605        -0.0294                   -0.0009              -0.0227                     -0.0143             -0.0559           -0.0035             0.0056             0.0293           -0.0107                 -0.0187               0.2660       -0.1302  0.0012 -0.0009        -0.0157         -0.0275  -0.0605      -0.0294        -0.0599               -0.1169      -0.0009         0.0025      0.0012
price                             -0.0605  1.0000         0.4142                    0.0425               0.0170                      0.1982              0.0518            0.3388             0.1458             0.2236            0.1725                  0.0864               0.7612       -0.0041 -0.0028  0.0019         0.0623         -0.0036   1.0000       0.4142         0.9967                0.2914       0.0019         0.0021     -0.0028
freight_value                     -0.0294  0.4142         1.0000                    0.2257               0.0236                      0.0939              0.0223            0.6104             0.3091             0.3918            0.3238                  0.1502               0.3865       -0.0364  0.0333  0.0043         0.2146         -0.0402   0.4142       1.0000         0.3391               -0.0885       0.0043         0.0039      0.0333
customer_zip_code_prefix          -0.0009  0.0425         0.2257                    1.0000               0.0155                      0.0237              0.0196            0.0032             0.0075             0.0117           -0.0087                  0.0761               0.0547       -0.0214 -0.0368 -0.0063         0.2727         -0.0741   0.0425       0.2257         0.0238               -0.1217      -0.0063        -0.0051     -0.0368
product_name_lenght               -0.0227  0.0170         0.0236                    0.0155               1.0000                      0.0915              0.1459            0.0227             0.0604            -0.0282            0.0644                 -0.0314               0.0023       -0.0065  0.0220  0.0127        -0.0032          0.0114   0.0170       0.0236         0.0155                0.0573       0.0127         0.0141      0.0220
product_description_lenght        -0.0143  0.1982         0.0939                    0.0237               0.0915                      1.0000              0.1181            0.0597             0.0060             0.0727           -0.0684                  0.0596               0.1593        0.0131  0.0389 -0.0157         0.0053          0.0065   0.1982       0.0939         0.1965                0.1225      -0.0157        -0.0156      0.0389
product_photos_qty                -0.0559  0.0518         0.0223                    0.0196               0.1459                      0.1181              1.0000            0.0227             0.0475            -0.0334            0.0104                 -0.0454               0.0098        0.0225 -0.0063  0.0111        -0.0268          0.0052   0.0518       0.0223         0.0516                0.0528       0.0111         0.0136     -0.0063
product_weight_g                  -0.0035  0.3388         0.6104                    0.0032               0.0227                      0.0597              0.0227            1.0000             0.4609             0.5833            0.5066                  0.0097               0.3169       -0.0300 -0.0248 -0.0098         0.0856          0.0116   0.3388       0.6104         0.2959                0.1041      -0.0098        -0.0087     -0.0248
product_length_cm                  0.0056  0.1458         0.3091                    0.0075               0.0604                      0.0060              0.0475            0.4609             1.0000             0.1929            0.5325                  0.0334               0.1464       -0.0203 -0.0519 -0.0041         0.0687          0.0103   0.1458       0.3091         0.1232                0.0962      -0.0041        -0.0018     -0.0519
product_height_cm                  0.0293  0.2236         0.3918                    0.0117              -0.0282                      0.0727             -0.0334            0.5833             0.1929             1.0000            0.2812                  0.0126               0.2242       -0.0282 -0.0291  0.0124         0.0669         -0.0015   0.2236       0.3918         0.1962                0.1070       0.0124         0.0130     -0.0291
product_width_cm                  -0.0107  0.1725         0.3238                   -0.0087               0.0644                     -0.0684              0.0104            0.5066             0.5325             0.2812            1.0000                 -0.0164               0.1565       -0.0116 -0.0584  0.0037         0.0393          0.0012   0.1725       0.3238         0.1494                0.1156       0.0037         0.0048     -0.0584
seller_zip_code_prefix            -0.0187  0.0864         0.1502                    0.0761              -0.0314                      0.0596             -0.0454            0.0097             0.0334             0.0126           -0.0164                  1.0000               0.0715        0.0262 -0.0122 -0.0134         0.0484         -0.1169   0.0864       0.1502         0.0760                0.0164      -0.0134        -0.0119     -0.0122
total_payment_value                0.2660  0.7612         0.3865                    0.0547               0.0023                      0.1593              0.0098            0.3169             0.1464             0.2242            0.1565                  0.0715               1.0000       -0.0846 -0.0005  0.0053         0.0630         -0.0208   0.7612       0.3865         0.7524                0.2064       0.0053         0.0062     -0.0005
review_score                      -0.1302 -0.0041        -0.0364                   -0.0214              -0.0065                      0.0131              0.0225           -0.0300            -0.0203            -0.0282           -0.0116                  0.0262              -0.0846        1.0000 -0.0075  0.0312        -0.3049         -0.2293  -0.0041      -0.0364        -0.0010                0.0373       0.0312         0.0371     -0.0075
year                               0.0012 -0.0028         0.0333                   -0.0368               0.0220                      0.0389             -0.0063           -0.0248            -0.0519            -0.0291           -0.0584                 -0.0122              -0.0005       -0.0075  1.0000 -0.5537        -0.0514          0.0636  -0.0028       0.0333        -0.0058               -0.0067      -0.5537        -0.5318      1.0000
month                             -0.0009  0.0019         0.0043                   -0.0063               0.0127                     -0.0157              0.0111           -0.0098            -0.0041             0.0124            0.0037                 -0.0134               0.0053        0.0312 -0.5537  1.0000        -0.0567          0.0274   0.0019       0.0043         0.0015                0.0114       1.0000         0.9699     -0.5537
delivery_days                     -0.0157  0.0623         0.2146                    0.2727              -0.0032                      0.0053             -0.0268            0.0856             0.0687             0.0669            0.0393                  0.0484               0.0630       -0.3049 -0.0514 -0.0567         1.0000          0.5973   0.0623       0.2146         0.0453               -0.0667      -0.0567        -0.0695     -0.0514
delivery_delay                    -0.0275 -0.0036        -0.0402                   -0.0741               0.0114                      0.0065              0.0052            0.0116             0.0103            -0.0015            0.0012                 -0.1169              -0.0208       -0.2293  0.0636  0.0274         0.5973          1.0000  -0.0036      -0.0402        -0.0001                0.0286       0.0274         0.0211      0.0636
revenue                           -0.0605  1.0000         0.4142                    0.0425               0.0170                      0.1982              0.0518            0.3388             0.1458             0.2236            0.1725                  0.0864               0.7612       -0.0041 -0.0028  0.0019         0.0623         -0.0036   1.0000       0.4142         0.9967                0.2914       0.0019         0.0021     -0.0028
approx_cost                       -0.0294  0.4142         1.0000                    0.2257               0.0236                      0.0939              0.0223            0.6104             0.3091             0.3918            0.3238                  0.1502               0.3865       -0.0364  0.0333  0.0043         0.2146         -0.0402   0.4142       1.0000         0.3391               -0.0885       0.0043         0.0039      0.0333
approx_profit                     -0.0599  0.9967         0.3391                    0.0238               0.0155                      0.1965              0.0516            0.2959             0.1232             0.1962            0.1494                  0.0760               0.7524       -0.0010 -0.0058  0.0015         0.0453         -0.0001   0.9967       0.3391         1.0000                0.3091       0.0015         0.0018     -0.0058
approx_profit_margin              -0.1169  0.2914        -0.0885                   -0.1217               0.0573                      0.1225              0.0528            0.1041             0.0962             0.1070            0.1156                  0.0164               0.2064        0.0373 -0.0067  0.0114        -0.0667          0.0286   0.2914      -0.0885         0.3091                1.0000       0.0114         0.0112     -0.0067
order_month                       -0.0009  0.0019         0.0043                   -0.0063               0.0127                     -0.0157              0.0111           -0.0098            -0.0041             0.0124            0.0037                 -0.0134               0.0053        0.0312 -0.5537  1.0000        -0.0567          0.0274   0.0019       0.0043         0.0015                0.0114       1.0000         0.9699     -0.5537
order_quarter                      0.0025  0.0021         0.0039                   -0.0051               0.0141                     -0.0156              0.0136           -0.0087            -0.0018             0.0130            0.0048                 -0.0119               0.0062        0.0371 -0.5318  0.9699        -0.0695          0.0211   0.0021       0.0039         0.0018                0.0112       0.9699         1.0000     -0.5318
order_year                         0.0012 -0.0028         0.0333                   -0.0368               0.0220                      0.0389             -0.0063           -0.0248            -0.0519            -0.0291           -0.0584                 -0.0122              -0.0005       -0.0075  1.0000 -0.5537        -0.0514          0.0636  -0.0028       0.0333        -0.0058               -0.0067      -0.5537        -0.5318      1.0000


--- Covariance Matrix (All Numeric Columns) ---
                            order_item_id        price  freight_value  customer_zip_code_prefix  product_name_lenght  product_description_lenght  product_photos_qty  product_weight_g  product_length_cm  product_height_cm  product_width_cm  seller_zip_code_prefix  total_payment_value  review_score      year      month  delivery_days  delivery_delay      revenue  approx_cost  approx_profit  approx_profit_margin  order_month  order_quarter  order_year
order_item_id                      0.4972      -7.8367        -0.3275             -1.839750e+01              -0.1606               -6.597100e+00             -0.0680     -9.389500e+00             0.0641             0.2780           -0.0886           -3.642905e+02              51.1756       -0.1244    0.0004    -0.0020        -0.1051         -0.1978      -7.8367      -0.3275        -7.5092               -0.0288      -0.0020         0.0019      0.0004
price                             -7.8367   33721.4195      1202.2662              2.329065e+05              31.2628                2.370352e+04             16.3706      2.333327e+05           432.3633           551.7974          370.6403            4.379173e+05           38141.5864       -1.0323   -0.2589     1.1036       107.3248         -6.6608   33721.4195    1202.2662     32519.1533               18.7232       1.1036         0.4149     -0.2589
freight_value                     -0.3275    1202.2662       249.8425              1.065426e+05               3.7497                9.695372e+02              0.6070      3.619990e+04            78.9236            83.2670           59.9190            6.551813e+04            1666.6761       -0.7966    0.2656     0.2188        31.8452         -6.4185    1202.2662     249.8425       952.4238               -0.4894       0.2188         0.0658      0.2656
customer_zip_code_prefix         -18.3975  232906.4780    106542.6494              8.919852e+08            4643.7419                4.616031e+05           1008.6336      3.631783e+05          3613.7669          4715.8273        -3049.9931            6.270277e+07          445718.3703     -886.5596 -555.0868  -603.5193     77066.6500     -22504.0546  232906.4780  106542.6494    126363.8287            -1271.2733    -603.5193      -162.7830   -555.0868
product_name_lenght               -0.1606      31.2628         3.7497              4.643742e+03             100.5123                5.983887e+02              2.5181      8.556854e+02             9.8110            -3.8035            7.5698           -8.705995e+03               6.1787       -0.0901    0.1111     0.4118        -0.3030          1.1575      31.2628       3.7497        27.5131                0.2003       0.4118         0.1502      0.1111
product_description_lenght        -6.5971   23703.5156       969.5372              4.616031e+05             598.3887                4.252809e+05            132.5663      1.462083e+05            63.0417           638.7077         -522.7781            1.074124e+06           28395.4555       11.8622   12.8035   -33.0017        32.4668         42.7990   23703.5156     969.5372     22733.9784               27.8766     -33.0017       -10.7887     12.8035
product_photos_qty                -0.0680      16.3706         0.6070              1.008634e+03               2.5181                1.325663e+02              2.9634      1.465116e+02             1.3239            -0.7743            0.2091           -2.158452e+03               4.6078        0.0536   -0.0055     0.0619        -0.4353          0.0913      16.3706       0.6070        15.7637                0.0317       0.0619         0.0248     -0.0055
product_weight_g                  -9.3895  233332.7372     36199.8996              3.631783e+05             855.6854                1.462083e+05            146.5116      1.407448e+07         27932.2474         29417.3149        22250.7572            1.005205e+06          324343.4309     -156.1821  -46.9531  -118.5248      3027.5341        439.1824  233332.7372   36199.8996    197132.8376              136.6159    -118.5248       -34.7344    -46.9531
product_length_cm                  0.0641     432.3633        78.9236              3.613767e+03               9.8110                6.304170e+01              1.3239      2.793225e+04           260.9339            41.8888          100.7095            1.490077e+04             645.0546       -0.4533   -0.4233    -0.2131        10.4710          1.6918     432.3633      78.9236       353.4397                0.5440      -0.2131        -0.0303     -0.4233
product_height_cm                  0.2780     551.7974        83.2670              4.715827e+03              -3.8035                6.387077e+02             -0.7743      2.941731e+04            41.8888           180.7272           44.2609            4.663488e+03             822.2484       -0.5259   -0.1976     0.5410         8.4754         -0.1992     551.7974      83.2670       468.5304                0.5035       0.5410         0.1852     -0.1976
product_width_cm                  -0.0886     370.6403        59.9190             -3.049993e+03               7.5698               -5.227781e+02              0.2091      2.225076e+04           100.7095            44.2609          137.0601           -5.286247e+03             499.9727       -0.1875   -0.3453     0.1418         4.3416          0.1382     370.6403      59.9190       310.7213                0.4737       0.1418         0.0595     -0.3453
seller_zip_code_prefix          -364.2905  437917.2572     65518.1281              6.270277e+07           -8705.9951                1.074124e+06          -2158.4522      1.005205e+06         14900.7666          4663.4884        -5286.2465            7.615409e+08          537999.9213     1001.1132 -169.5935 -1196.9451     12636.7064     -32823.6615  437917.2572   65518.1281    372399.1290              158.2451   -1196.9451      -350.2510   -169.5935
total_payment_value               51.1756   38141.5864      1666.6761              4.457184e+05               6.1787                2.839546e+04              4.6078      3.243434e+05           645.0546           822.2484          499.9727            5.379999e+05           74446.5995      -31.7988   -0.0653     4.6657       161.5715        -57.3251   38141.5864    1666.6761     36474.9103               19.7015       4.6657         1.8042     -0.0653
review_score                      -0.1244      -1.0323        -0.7966             -8.865596e+02              -0.0901                1.186220e+01              0.0536     -1.561821e+02            -0.4533            -0.5259           -0.1875            1.001113e+03             -31.7988        1.9213   -0.0053     0.1396        -3.8442         -3.1143      -1.0323      -0.7966        -0.2357                0.0181       0.1396         0.0546     -0.0053
year                               0.0004      -0.2589         0.2656             -5.550868e+02               0.1111                1.280350e+01             -0.0055     -4.695310e+01            -0.4233            -0.1976           -0.3453           -1.695935e+02              -0.0653       -0.0053    0.2548    -0.9035        -0.2447          0.3256      -0.2589       0.2656        -0.5245               -0.0012      -0.9035        -0.2852      0.2548
month                             -0.0020       1.1036         0.2188             -6.035193e+02               0.4118               -3.300170e+01              0.0619     -1.185248e+02            -0.2131             0.5410            0.1418           -1.196945e+03               4.6657        0.1396   -0.9035    10.4493        -1.7311          0.9007       1.1036       0.2188         0.8848                0.0129      10.4493         3.3304     -0.9035
delivery_days                     -0.1051     107.3248        31.8452              7.706665e+04              -0.3030                3.246680e+01             -0.4353      3.027534e+03            10.4710             8.4754            4.3416            1.263671e+04             161.5715       -3.8442   -0.2447    -1.7311        89.3300         57.3591     107.3248      31.8452        75.4796               -0.2192      -1.7311        -0.6976     -0.2447
delivery_delay                    -0.1978      -6.6608        -6.4185             -2.250405e+04               1.1575                4.279900e+01              0.0913      4.391824e+02             1.6918            -0.1992            0.1382           -3.282366e+04             -57.3251       -3.1143    0.3256     0.9007        57.3591        103.2288      -6.6608      -6.4185        -0.2423                0.1010       0.9007         0.2273      0.3256
revenue                           -7.8367   33721.4195      1202.2662              2.329065e+05              31.2628                2.370352e+04             16.3706      2.333327e+05           432.3633           551.7974          370.6403            4.379173e+05           38141.5864       -1.0323   -0.2589     1.1036       107.3248         -6.6608   33721.4195    1202.2662     32519.1533               18.7232       1.1036         0.4149     -0.2589
approx_cost                       -0.3275    1202.2662       249.8425              1.065426e+05               3.7497                9.695372e+02              0.6070      3.619990e+04            78.9236            83.2670           59.9190            6.551813e+04            1666.6761       -0.7966    0.2656     0.2188        31.8452         -6.4185    1202.2662     249.8425       952.4238               -0.4894       0.2188         0.0658      0.2656
approx_profit                     -7.5092   32519.1533       952.4238              1.263638e+05              27.5131                2.273398e+04             15.7637      1.971328e+05           353.4397           468.5304          310.7213            3.723991e+05           36474.9103       -0.2357   -0.5245     0.8848        75.4796         -0.2423   32519.1533     952.4238     31566.7295               19.2126       0.8848         0.3491     -0.5245
approx_profit_margin              -0.0288      18.7232        -0.4894             -1.271273e+03               0.2003                2.787660e+01              0.0317      1.366159e+02             0.5440             0.5035            0.4737            1.582451e+02              19.7015        0.0181   -0.0012     0.0129        -0.2192          0.1010      18.7232      -0.4894        19.2126                0.1224       0.0129         0.0042     -0.0012
order_month                       -0.0020       1.1036         0.2188             -6.035193e+02               0.4118               -3.300170e+01              0.0619     -1.185248e+02            -0.2131             0.5410            0.1418           -1.196945e+03               4.6657        0.1396   -0.9035    10.4493        -1.7311          0.9007       1.1036       0.2188         0.8848                0.0129      10.4493         3.3304     -0.9035
order_quarter                      0.0019       0.4149         0.0658             -1.627830e+02               0.1502               -1.078870e+01              0.0248     -3.473440e+01            -0.0303             0.1852            0.0595           -3.502510e+02               1.8042        0.0546   -0.2852     3.3304        -0.6976          0.2273       0.4149       0.0658         0.3491                0.0042       3.3304         1.1283     -0.2852
order_year                         0.0004      -0.2589         0.2656             -5.550868e+02               0.1111                1.280350e+01             -0.0055     -4.695310e+01            -0.4233            -0.1976           -0.3453           -1.695935e+02              -0.0653       -0.0053    0.2548    -0.9035        -0.2447          0.3256      -0.2589       0.2656        -0.5245               -0.0012      -0.9035        -0.2852      0.2548

